copyright:	0.08056254199496224
tuneup:	0.08053696351095163
"tune-up":	0.08053696351095163
upper:	0.08056156027152296
v-ribbed:	0.08053696351095163
broken,:	0.08053696351095163
tips:	0.0805601081249188
periscope:	0.0805575385433994
firewall,:	0.08053696351095163
engines:	0.0805601081249188
hoses:	0.11896286059260854
belt.:	0.08054982673748712
tighten:	0.10480610222165368
needed.:	0.08055946577734889
glycol:	0.08053696351095163
inc.:	0.08056250479159308
modified::	0.0805575385433994
belt:	0.10480331551926314
mushy:	0.08053696351095163
system:	0.11900051850910018
drives:	0.08054982673748712
dirt,:	0.08053696351095163
cooling:	0.1048088884630894
excessive:	0.10481074570136917
coolant:	0.08053696351095163
care:	0.10481381683843427
systems,:	0.08056179136736537
beware:	0.08053696351095163
cracks.:	0.08053696351095163
insulate:	0.08053696351095163
1996.:	0.08056209336139657
housing:	0.0805612499974698
wear:	0.08055946577734889
industry:	0.08056228797603972
engine.:	0.08054982673748712
hot:	0.08056053633892744
engine,:	0.1047977407310073
bugs:	0.08053696351095163
clogged.:	0.08053696351095163
radiator:	0.12902504706393558
hose.:	0.10478100528744361
worn,:	0.08053696351095163
10-15:	0.0805575385433994
belts:	0.08053696351095163
heater.:	0.08053696351095163
quiz:	0.0805575385433994
accessories.:	0.08055411164119758
generally,:	0.08055982264104446
checklist:	0.1047977407310073
©1995,:	0.0805575385433994
marketing:	0.08056179136736537
hide:	0.08055625356136839
site:	0.08056206555906588
dash.:	0.08053696351095163
january:	0.08056194322810156
garden:	0.0805575385433994
information:	0.08056252244762792
operation:	0.08056194322810156
runs:	0.08055982264104446
coolant.:	0.08053696351095163
exterior.:	0.08054982673748712
minutes.:	0.08055411164119758
replace:	0.14324936228527585
anti-freeze.:	0.08053696351095163
feel:	0.08056107158652215
run:	0.08056194322810156
ethylene:	0.08053696351095163
50/50:	0.08053696351095163
31,:	0.080560341697952
leaves:	0.08056096453877346
thermostat:	0.10478100528744361
rubber:	0.08055625356136839
rusty,:	0.08053696351095163
missing.:	0.08054982673748712
cracks:	0.1047977407310073
belts.:	0.08053696351095163
brush:	0.08053696351095163
cool.:	0.08055411164119758
cool,:	0.08053696351095163
level:	0.08056232529906163
minutes:	0.08056053633892744
created:	0.08056226286463725
communications.:	0.08055946577734889
heater:	0.10478100528744361
dirt:	0.08054982673748712
hose:	0.08054982673748712
check:	0.1189991929904457
glazed.:	0.08053696351095163
water:	0.08056201850883177
look:	0.0805623560904737
gasket:	0.08053696351095163
core:	0.08056132511713329
hot.:	0.08053696351095163
cap.:	0.08054982673748712
condition:	0.08056184851946437
warm:	0.0805575385433994
leaks,:	0.10478100528744361
adjust:	0.0805601081249188
council:	0.08056201850883177
inspect:	0.1189932524103537
hoses,:	0.08053696351095163
loose:	0.1047977407310073
page:	0.0805624825877575
automotive:	0.080560341697952
hoses.:	0.08053696351095163
grooves:	0.08053696351095163
clamps.:	0.08053696351095163
soft,:	0.08054982673748712
note::	0.0805590069381433
dried:	0.08055411164119758
cracked:	0.10478100528744361
running:	0.10481207217477705
oil:	0.08056201850883177
causing:	0.08056096453877346
flush:	0.08053696351095163
mixture:	0.08055625356136839
engine:	0.13686920725030344
car:	0.10481326591153821
ok:	0.08056168915240537
department:	0.08056222651910003
news:	0.08056222651910003
surging:	0.08054982673748712
bolts:	0.08053696351095163
start:	0.08056198290313554
clean:	0.1048118885154586
home:	0.08056251146537606
service:	0.08056236769685614
condition.:	0.0805601081249188
swollen:	0.08053696351095163
front:	0.08056168915240537
"chunking",:	0.08053696351095163
maintenance:	0.08056168915240537
