phone::	0.11566919872489025
mail:	0.11566875960963248
est:	0.1156612930627429
simple:	0.11566909739152068
robotic:	0.11566744220161769
robot:	0.1965178886611303
quote:	0.17084121169248415
price.:	0.115658217730343
appreciate:	0.11566436788644506
price:	0.11566959391975352
contact:	0.11566998910621523
5,:	0.11566767866634166
e-mail:	0.11566924415001453
modified:	0.1156688394495418
shipping,:	0.11563359673780461
info:	0.11566744220161769
!!:	0.17084847955395746
delivering:	0.11566524631409209
read:	0.11566904064459242
understand:	0.11566943119347439
04,:	0.1156612930627429
guaranteed:	0.11566682737925744
check:	0.11566891234655083
317.856.0095:	0.115658217730343
secrets:	0.15048395491049654
lowest:	0.1156612930627429
click:	0.11567020344112112
system:	0.18531060084182183
[previous]:	0.11565206553877636
background:	0.11566959391975352
keep:	0.11566951915380216
demonstrate:	0.11566834631520807
page:	0.11567023659244838
send:	0.11567024874105661
expertise.:	0.11565206553877636
aaa:	0.17085029621878237
allow:	0.11566965825300586
site.:	0.11566524631409209
is.:	0.11566961641026542
reveals:	0.15048738316864602
icon:	0.115658217730343
[next]:	0.1156612930627429
training:	0.1156695702758527
[up]:	0.1156612930627429
1997:	0.11566846686036442
web:	0.11566951915380216
[home]:	0.1156612930627429
installation:	0.11566767866634166
company:	0.11566990128772756
free:	0.11567012776614052
prices:	0.11566875960963248
email:	0.11566767866634166
committed:	0.11566821070097281
proof's:	0.11563359673780461
store:	0.17085635090028117
pudding:	0.11563359673780461
saturday,:	0.11566313801799716
home:	0.1156702780544399
industrial:	0.17085836883079472
mouth:	0.11563359673780461
money:	0.11566990128772756
january:	0.11566946218906597
time:	0.1156702322937082
[mail]:	0.1156612930627429
