powerpoint:	0.7070539028797017
internet:	0.7071596555393849
