copyright:	0.09382904868706429
placed:	0.09382809802592372
building:	0.09382852617548963
tips:	0.12207071882402691
crack:	0.09382421894058608
periscope:	0.09382322130018365
near:	0.09382832617634039
young',:	0.09379925810744574
(ceiling:	0.09379925810744574
protecting:	0.09382706897808579
clinton,:	0.09381923007838779
inc.:	0.0938290053572903
modified::	0.09382322130018365
08,:	0.0938142395650684
lower:	0.0938285103617
envelope:	0.093825465898276
padded:	0.0938142395650684
exposure:	0.093825465898276
droop,:	0.09379925810744574
dept.:	0.09382421894058608
looking:	0.0938285103617
care:	0.15031909542873678
sense.:	0.09382172471580877
systems,:	0.09382817445107833
upholstery:	0.09379925810744574
1996.:	0.09382852617548963
industry:	0.09382875283798532
sun:	0.09382721146582133
summer:	0.12207071882402691
interior:	0.12207217873331971
temperature.:	0.0938142395650684
pamphlet,:	0.09382493150046414
sun.:	0.09379925810744574
assure:	0.09382322130018365
cardboard:	0.0938142395650684
free:	0.09382889121972868
council,:	0.09382621402339618
quiz:	0.09382322130018365
council.:	0.09382493150046414
cool:	0.12206905022322219
finally,:	0.09382733614148543
©1995,:	0.09382322130018365
help:	0.09382875283798532
marketing:	0.09382817445107833
site:	0.09382849379485497
self:	0.09382733614148543
information:	0.09382902592080421
windshield:	0.09379925810744574
n,:	0.09379925810744574
shade.:	0.1220356483688148
interior.:	0.09379925810744574
rear:	0.0938142395650684
time.:	0.09382845817607652
relentless:	0.09379925810744574
car's:	0.1220356483688148
created:	0.09382872359140314
communications.:	0.093825465898276
shade:	0.0938142395650684
published:	0.09382832617634039
addressed:	0.12207136768601408
port:	0.09382493150046414
headliner:	0.0938142395650684
council:	0.09382843899669943
keep:	0.13859592028444057
spaces:	0.09381923007838779
try:	0.12207322145916039
page:	0.0938289794970739
dash:	0.0938142395650684
automotive:	0.09382648605969196
send:	0.0938289893517396
lake:	0.09382790529990072
little:	0.09382843899669943
full:	0.09382873125122776
heat:	0.09382706897808579
allow:	0.0938285103617
inexpensive:	0.09379925810744574
cause:	0.09382809802592372
related:	0.09382878476200675
common:	0.09382866217339592
car:	0.17856338917091258
oh:	0.09382172471580877
blockers:	0.09379925810744574
hard:	0.09382784616755893
department:	0.09382868126072318
`how:	0.09379925810744574
park:	0.12207071882402691
43452.:	0.0938142395650684
news:	0.09382868126072318
wide:	0.09382845817607652
february:	0.0938275439319682
purchase:	0.09382771016229276
windows:	0.09382588152792519
grande:	0.09382172471580877
home:	0.09382901313006772
service:	0.09382884568669864
fabric):	0.09379925810744574
fade.:	0.09379925810744574
avoid:	0.09382805540403462
time:	0.09382897601003683
maintenance:	0.09382805540403462
stamped,:	0.0938142395650684
drive,:	0.09381923007838779
