tribune,:	0.08355218904077483
copyright:	0.08356093315696052
weidkamp:	0.10868076356739972
select:	0.08355865096890083
dee:	0.10868076356739972
interactive:	0.10871257396640373
©1996:	0.08356082437666024
advertising:	0.1338668033194221
hallock:	0.10868076356739972
ric:	0.10868076356739972
354-4444:	0.08353440268833652
thanks:	0.08355441067931538
neal:	0.10871279621294351
carol:	0.10870852858534139
to.:	0.08355726653176178
113:	0.08355811259364006
review:	0.08356080150781031
lynden,:	0.10870390414543542
e-mail:	0.1087142675669939
farm:	0.08355929699072388
enter:	0.12342786963644149
fax:	0.08355940802259493
6th:	0.08355574348603849
community:	0.10871493771654474
agnes:	0.10871051011351214
tribune::	0.08353440268833652
name::	0.08355840870270453
phone:	0.0835590236775916
jones:	0.1087142675669939
north:	0.08356077401374816
marlene:	0.10869812187370868
direct:	0.08356040726812473
local:	0.08356074033344532
urie:	0.10868076356739972
roster:	0.08355218904077483
98264-9903:	0.08353440268833652
feature:	0.08355929699072388
top:	0.08356048128335432
neese:	0.10868076356739972
email:	0.0835590236775916
editor:	0.14196364159894534
manager:	0.1234277660554612
mann:	0.10871257396640373
staff:	0.12342896295824721
groen:	0.10868076356739972
meet:	0.0835605296196106
award-winning:	0.08355726653176178
information:	0.10871525412468987
spotlight:	0.08355441067931538
story:	0.08356035325675377
usa:	0.08356043898898736
mail:	0.0835598045574975
roorda:	0.10868076356739972
sarah:	0.10870390414543542
office:	0.0835606365926739
sales:	0.12342786963644149
153:	0.08355811259364006
(360):	0.1234199959399923
presentation:	0.08355940802259493
view:	0.08356067570947681
contact:	0.14196711052920966
address::	0.08355663195036961
info:	0.08355885285405908
lyndentrib@nas.com:	0.08355218904077483
tribune:	0.14857237982449312
maggy:	0.10868076356739972
please:	0.1234291087299349
history:	0.08356085676896638
publisher:	0.08355663195036961
lynden:	0.15416198023803432
production:	0.08356048128335432
newman:	0.10869812187370868
howard:	0.10871395571425554
box:	0.08356008653074898
wa:	0.08354774466074824
brumbaugh:	0.10868076356739972
bratt:	0.08353440268833652
input.:	0.08355218904077483
734-3709:	0.08353440268833652
street:	0.08356035325675377
beth:	0.10868076356739972
david:	0.10871447249576256
roy:	0.10871161086539398
news:	0.10871485478335677
ashley:	0.10871161086539398
below.:	0.08355726653176178
sports:	0.08356083335021233
subscribe:	0.08355574348603849
mary:	0.1087111292949792
lewis:	0.1087138121611241
message:	0.10871231130775717
p.o.:	0.08355917009603284
manage:	0.08355885285405908
home:	0.08356090149111871
michael:	0.1087137296175394
734-0575:	0.08353440268833652
form:	0.10871502963370143
calvin:	0.08354774466074824
martin:	0.10871422487319787
circulation:	0.08355726653176178
writer:	0.0835590236775916
washington,:	0.0835599148955619
