applied,:	0.09505314179355459
copyright:	0.09506814648345496
quickly:	0.09506662185670132
brakes:	0.095037962492179
tips:	0.09506527438547889
discloses:	0.09505314179355459
warrants:	0.09506072579250793
periscope:	0.09506224214063858
poor:	0.09506746396586938
safety:	0.09506746396586938
warns:	0.09506072579250793
visual:	0.095065550014261
rc,:	0.095037962492179
pamphlet:	0.09505314179355459
inspection:	0.09506397492566683
clinton,:	0.09505819821113436
inc.:	0.09506810258147196
modified::	0.09506224214063858
worn:	0.15228893620178163
shock:	0.123673567206458
attention.:	0.09506072579250793
rattle?:	0.095037962492179
envelope:	0.09506451638068711
struts:	0.12364723992911325
dept.:	0.09506325295578849
shocks:	0.14041248501302114
indication:	0.09506224214063858
annoying:	0.095037962492179
care:	0.15230419559235875
systems,:	0.09506726070238888
components:	0.09506641132215653
1996.:	0.09506761707164045
industry:	0.09506784672742023
"bottoms:	0.095037962492179
dives:	0.095037962492179
example:	0.09506722336798626
vehicle:	0.0950670429170874
weak:	0.09506397492566683
comfort::	0.095037962492179
free:	0.09506798693662019
council,:	0.09506527438547889
quiz:	0.09506224214063858
noticed:	0.09506325295578849
bushings.:	0.095037962492179
lead:	0.09506729554774904
©1995,:	0.09506224214063858
marketing:	0.09506726070238888
site:	0.0950675842633901
classic:	0.09506614063062159
road.:	0.095037962492179
absorbers:	0.095037962492179
january:	0.09506743990625158
damaged:	0.09506451638068711
self:	0.09506641132215653
information:	0.09506812341654573
trouble,:	0.095037962492179
shake:	0.09505819821113436
serious.:	0.095037962492179
31,:	0.095065550014261
rubber:	0.09506072579250793
bumpy:	0.095037962492179
leaking:	0.09505314179355459
well.:	0.09506671050195749
potential:	0.09506761707164045
accustomed:	0.095037962492179
out":	0.095037962492179
kind:	0.09506726070238888
created:	0.09506781709461037
communications.:	0.09506451638068711
forget:	0.09505314179355459
condition:	0.09506732814494948
addressed:	0.09506577970111431
port:	0.09506397492566683
failure:	0.09506756665893404
council:	0.12368570650643693
page:	0.09506807637974792
automotive:	0.095065550014261
send:	0.09506808636455343
lake:	0.09506698799682556
"sneak:	0.095037962492179
critical:	0.09506773406652567
pending:	0.09506224214063858
ride:	0.1236768556656415
car:	0.16151636089772087
and/or:	0.09506628500003707
oh:	0.09506072579250793
sways:	0.095037962492179
factor:	0.09506686246405717
department:	0.09506777420491534
43452.:	0.09505314179355459
news:	0.09506777420491534
up":	0.095037962492179
affects:	0.0950671832679707
control:	0.12368630695644021
grande:	0.09506072579250793
home:	0.09506811045689596
deterioration:	0.09506397492566683
service:	0.09506794080228513
maintenance:	0.09506714008322086
stamped,:	0.09505314179355459
drive,:	0.09505819821113436
