buy:	0.19263211170346922
baron::	0.19261572550279643
worth:	0.19263181916878808
offer:	0.19263445188140843
common:	0.1926350900810549
(800):	0.19262938127227164
cigar:	0.25060549989629244
month's:	0.19260547972117106
humidor.:	0.1925747220148174
free:	0.19263556032500725
value:	0.1926350900810549
baron:	0.19262084712228006
$75.00:	0.1925747220148174
cigars:	0.19261572550279643
sense:	0.19263415936884012
home:	0.19263581061323048
special:	0.3086134983386937
call:	0.1926351292683237
.....:	0.19260547972117106
month:	0.1926335361806736
monthly:	0.2506193357037577
customers.:	0.19262596789458492
baron's:	0.19261572550279643
260-5526.:	0.1925747220148174
