questions:	0.1380426468010324
official:	0.138042155369548
processed.:	0.13799925359215756
feedback:	0.20390264892678908
contacting:	0.13803597644489546
email.:	0.13799925359215756
etc.,:	0.13803842247502893
directly.:	0.13802863673588783
corrections,:	0.13799925359215756
development:	0.1380429407027955
read:	0.1380415530001073
pertaining:	0.13803842247502893
please:	0.17959743134548428
community:	0.1380426468010324
regarding:	0.13804259213413378
website.:	0.13802129459771947
improving:	0.13804099695225977
"feedback":	0.1795411683026374
messages:	0.17959276462376036
page:	0.13804298026619702
(tm):	0.13802863673588783
send:	0.17959807687998985
direct:	0.13804221328882457
critique:	0.13804189379673798
assistance:	0.1380415530001073
only.:	0.13803597644489546
network:	0.1380417416560319
web:	0.13804212406176797
site::	0.13803597644489546
christian:	0.13804193817091406
improvements,:	0.13799925359215756
mechanism:	0.13803992759030154
website:	0.2211489685518191
comments:	0.17959801857669908
team.:	0.13803230689393625
learn@home:	0.23451274904210156
understanding.:	0.13802129459771947
concerning:	0.13804255480976008
site:	0.13804226569184927
matters:	0.13803891164869347
organizations:	0.17959709507701732
thank:	0.17958894583557575
time:	0.1380429751360017
