map.:	0.27868843966916623
imagemap:	0.41163472048649985
coordinates.:	0.27867361543357017
error:	0.2787106668273982
accessed:	0.27870029552615566
erroryour:	0.27867361543357017
file:	0.2787148993215493
client:	0.36261448802263224
send:	0.27871742942596184
support:	0.27871716656462375
map:	0.27871172498843116
