reports:	0.13189234909221884
quick:	0.13189132533225056
fees:	0.131889593359053
copyright:	0.13189357798789464
ashland:	0.171579544618816
reader:	0.131889593359053
composite.....:	0.131851701978373
accounting:	0.1715947492544772
client.....:	0.131851701978373
download:	0.131889593359053
quote:	0.13187977617014918
"sample:	0.131851701978373
weighted:	0.171579544618816
verification:	0.13188779054275332
-aimr-:	0.131851701978373
gross:	0.17159388064395045
list:	0.17159634925488376
click:	0.13189344292799549
determined:	0.13189146278437933
following:	0.13189332142450996
returns:	0.17159357996470123
full:	0.13189313177482045
mandate:	0.17158410688981657
independent:	0.1318930483284195
reports":	0.13187276110746976
quarterly:	0.17158684389016618
composites:	0.17157041781184862
1996:	0.13189346818532552
disclosure.....:	0.131851701978373
examined:	0.13189169645095256
sheet:	0.13188779054275332
p.c.:	0.13187977617014918
value:	0.13189303467352262
overview:	0.13189314220559747
accountant's:	0.131851701978373
services,:	0.13189229729602708
start:	0.13189266266646085
fees.....:	0.1715430192532112
services:	0.19482242031747898
sample:	0.13188912597695815
home:	0.13189352800615053
acrobat:	0.131851701978373
advantages:	0.13189234909221884
performance:	0.131892773563558
management:	0.17159700751381238
info@aascpa.com:	0.13187977617014918
report:	0.13189326015325736
asset:	0.17158684389016618
