select:	0.12737513373965453
him?:	0.12733817014648946
correct:	0.12737720172866393
catagories,:	0.12733817014648946
official:	0.1273777575622669
hope:	0.12737747252127893
all!:	0.12733817014648946
tv-free:	0.12733817014648946
feedback:	0.12737628777714097
biblenet:	0.12733817014648946
games:	0.12737374880878638
enjoy.:	0.12733817014648946
plan:	0.12737819179676807
knowledge:	0.12737778496984503
add:	0.12737689224700327
bible:	0.2040603869120144
e-mail.:	0.1273585083819754
contest:	0.12737302333141196
test:	0.12737755714323648
game.:	0.12737070163102013
play.:	0.12737302333141196
community:	0.1273782110283861
crafts:	0.1273585083819754
365:	0.12736528330586075
solve:	0.1273743130511914
try:	0.1273773758100419
(tm):	0.12736528330586075
day.:	0.12737720172866393
child:	0.1273778818521527
events.:	0.12737570188931685
submit:	0.12737668863809587
network:	0.1273773758100419
carefully,:	0.12733817014648946
web:	0.12737772867315833
site::	0.1273720559882493
christian:	0.12737755714323648
arts:	0.12737611852238087
toy:	0.1273585083819754
time!:	0.12733817014648946
quiz:	0.12737070163102013
receive:	0.12737792383434365
learn@home:	0.12736866992714943
learn:	0.12737689224700327
waldo?:	0.16567077895354648
trivia:	0.1273585083819754
biblical:	0.12737070163102013
arcade:	0.12733817014648946
home:	0.12737856439064232
outdoor:	0.12736528330586075
circus.:	0.12733817014648946
answer:	0.16572056543186378
watch:	0.12737302333141196
activities:	0.16572271320770426
puzzle:	0.12733817014648946
exciting:	0.12736866992714943
time:	0.12737851399795366
quizzes:	0.12733817014648946
story:	0.12737772867315833
