studio:	0.08311602920350351
half:	0.08314130385000916
art,:	0.08314015603904261
308,:	0.10815947179506645
hall:	0.10816964606914208
iliinois:	0.08312930435401536
program:	0.08314231856151225
april:	0.08314196379666926
drawing,:	0.08312930435401536
painting,:	0.08312930435401536
supplies:	0.08313877853571491
estimate:	0.08313962036017909
id:	0.08314067256617963
restoration:	0.08313962036017909
oisp*:	0.0831337264748206
(309):	0.08313726311800985
august:	0.08314173784034114
15:	0.08314226845083765
banks:	0.08314052688106015
18:	0.08314218210833266
reduced:	0.08314130385000916
downtown:	0.08312930435401536
438-5365:	0.10816234773708333
population:	0.08314194978398484
books:	0.08314178657634295
scuola:	0.08311602920350351
cum:	0.08313726311800985
aid:	0.0831418498011615
surrounded:	0.08312930435401536
study:	0.08314234165860078
26:	0.08314210923780162
artist:	0.08314035691307975
housing:	0.08314109342537998
students:	0.13319805180348865
fee,:	0.08313814713255854
(approximately):	0.08312930435401536
local:	0.08314223493921916
fell:	0.10816752323401477
advisor:	0.0831392520685022
1st:	0.10816604467782986
italy,:	0.08313877853571491
known:	0.0831421012185323
variety:	0.08314205649559592
pos:	0.08311602920350351
sculpture,:	0.08311602920350351
december:	0.08314188654707241
deadline:	0.0831392520685022
arts:	0.10816867313522117
graphic:	0.08313877853571491
31:	0.08314190354202204
oisp*,:	0.0831337264748206
monday:	0.10816604467782986
wealth:	0.08314052688106015
ceramics:	0.08311602920350351
art:	0.12281132281988157
apennine:	0.08311602920350351
people:	0.08314233377538845
lorenzo:	0.08313593698651246
transportation:	0.08314150585453549
january:	0.08314180885559887
culture:	0.0831418498011615
located:	0.08314154664354041
2.5:	0.08313726311800985
river:	0.08314052688106015
undergraduate:	0.08313814713255854
liberal:	0.08314168260599084
phone::	0.08314161948073948
board,:	0.08313962036017909
administration:	0.08314207537863176
available:	0.10817054156246601
isu:	0.1331922992742096
graphics:	0.08314015603904261
weaving:	0.08312930435401536
earned:	0.08313726311800985
tuition,:	0.08313593698651246
school:	0.08314209291285543
academic:	0.08314150585453549
contact:	0.08314218759726566
gpa:	0.08313726311800985
*office:	0.0831337264748206
international:	0.12281126417219781
credit:	0.08314176294678852
qualify:	0.08314035691307975
arno:	0.08312930435401536
courses:	0.08314015603904261
studios:	0.0831337264748206
airfare,:	0.08313593698651246
includes:	0.0831422958071986
language,:	0.08314015603904261
homestay:	0.08311602920350351
jewelery,:	0.08311602920350351
produced:	0.08314161948073948
for,:	0.08314015603904261
october:	0.08314202528072305
semesters:	0.08312930435401536
card,:	0.08313726311800985
full:	0.08314214551538839
mountains:	0.08313593698651246
spring-:	0.08311602920350351
7,850:	0.08311602920350351
student:	0.08314173784034114
university:	0.10817001459049896
financial:	0.08314219811771426
careful:	0.08313877853571491
florence:	0.13319088302986942
spring::	0.08312930435401536
situated:	0.08313814713255854
prerequisites:	0.08313593698651246
duration:	0.08313962036017909
fall::	0.08312930435401536
printmaking,:	0.08311602920350351
hec,:	0.08311602920350351
supervision:	0.0831392520685022
design:	0.08314206611525903
studies:	0.10817070533274113
fall-:	0.08311602920350351
programs,:	0.08314165213176879
batik,:	0.08311602920350351
design,:	0.08314090930111095
cost:	0.1081702828691329
original:	0.08314178657634295
apply:	0.08314154664354041
february:	0.08314109342537998
estimated:	0.08314154664354041
de'medici:	0.08311602920350351
the,:	0.08311602920350351
master:	0.08313962036017909
application:	0.08314219811771426
semester:	0.08313593698651246
photography,:	0.08311602920350351
