elizabeth:	0.2577297872274166
japel:	0.2576639610014563
rod:	0.25770511465011525
mitchell:	0.2577428029428554
version:	0.25774211800715574
norling-christensen:	0.2576639610014563
view:	0.25774500079436335
slide:	0.3352285420644889
david:	0.2577438792475008
graphic:	0.25773448510016383
powerpoint:	0.38066170229965274
internet:	0.3807186371207374
