size:	0.36804229400855376

accesswatch-1.33/:	0.3679295165817668
102400:	0.3679295165817668
index:	0.47883913306343184
/aw/:	0.4786873373630268

accesswatch-1_33_tar:	0.3679295165817668
