college:	0.4472681989908571
comments/questions?:	0.44713019419267575
education:	0.4472718966229833
revision:1/16/95:	0.44713019419267575
continuing:	0.4472674675685617
