resulted:	0.1263932156409121
office:	0.1263946762227033
experience:	0.12639464204772832
focus,:	0.12638727485940446
$2:	0.12638189836903085
$4:	0.12638525884228077
free,:	0.12637517575420434
major:	0.12639496026668764
e-mail:	0.12639394714409977
credit.:	0.12638727485940446
50:	0.12639480662668473
mk:	0.22472613061075078
$200:	0.12637517575420434
financials:	0.1643916380113122
groups/markets:	0.12635499454984883
financials@mk.com:	0.12635499454984883
countries.:	0.126393417677759
revenue,:	0.12638727485940446
engineering:	0.12639350492032164
core:	0.1263932156409121
backlog,:	0.12635499454984883
force:	0.12639427631193986
page:	0.12639503160451487
washington:	0.1263946762227033
employees:	0.12639394714409977
debt:	0.1263922365108017
financial:	0.12639477716511766
line:	0.12639447941283974
professionals:	0.1263922365108017
proven:	0.12639029850996894
capacity:	0.12639309778515673
construction:	0.16444210786418803
company:	0.16444325073112262
backbone:	0.12635499454984883
operating:	0.12639394714409977
morrison:	0.1866966589816597
established:	0.12639427631193986
news:	0.12639462985664146
knudsen:	0.18668138829271572
unlimited:	0.12639029850996894
operational:	0.1263922365108017
releases:	0.12639085839586908
home:	0.12639507691080873
form:	0.12639483314205852
management:	0.12639476117167767
10,000:	0.12638727485940446
bonding:	0.12635499454984883
organization:	0.12639483314205852
80:	0.12639439964218585
information,:	0.12639407744034098
essentially:	0.1263926499270497
locations:	0.126391306293478
combined:	0.12638957863399158
strength::	0.12635499454984883
merger:	0.12638525884228077
return:	0.1263948393617091
