squeeze:	0.31617061281257614
law:	0.31627092886055447
poems...:	0.31617061281257614
main:	0.31627000764987906
red:	0.31626830594686284
horse:	0.31624634135752705
button:	0.316270616656741
william:	0.31626897328816944
puette:	0.31617061281257614
puette's:	0.31617061281257614
