||:	0.14972317028503462
feet:	0.1948029660340747
baron::	0.14971918927717623
dream.:	0.14972317028503462
character:	0.14973303342331376
shown):	0.1497112252850647
cigar:	0.2925953840190374
tall:	0.19477879478347704
gifts:	0.14972555857365205
add:	0.1497328357058663
centuries:	0.1497291405621885
$499.00:	0.14968731748186082
purchased:	0.1497291405621885
(not:	0.1497271506343854
alive:	0.14972828775613714
$19.95:	0.1497112252850647
painted:	0.1497112252850647
concept:	0.14973413496221127
room.:	0.14971918927717623
desktop:	0.14972317028503462
1/2:	0.14972555857365205
lover's:	0.1497112252850647
treasure:	0.19478915617609938
tradition:	0.1497331199241862
hand:	0.14973259636151942
accessories:	0.14972317028503462
indians:	0.1947974428218657
rich:	0.14973113032544635
store:	0.25439095268170103
home:	0.14973480132776495
$399.00:	0.14968731748186082
baron.:	0.14968731748186082
baron's:	0.2398591230750225
indian:	0.23988037835101986
