copyright:	0.1203866979449655
supply:	0.12038547820590621
professional:	0.12038614728918128
trip:	0.12038394694749176
province:	0.12037730097539547
savings:	0.12038507196548534
meets:	0.12038210107312577
allowance,:	0.12034847535227883
provide:	0.1203864201430621
phone:	0.12038394694749176
metro:	0.12038340998402232
peace:	0.12038573671809641
rate.:	0.12038210107312577
flight:	0.12038306094977516
coverage,:	0.12038050117287241
no-obligation:	0.12034847535227883
comes:	0.12038530047677169
hospital/medical:	0.12034847535227883
quote.:	0.12034847535227883
protection:	0.12038617569314793
travelling.:	0.12034847535227883
accident:	0.12038306094977516
accidental:	0.12037730097539547
vehicle:	0.12038530047677169
products:	0.12038566166652608
lot:	0.12038415789334878
1996:	0.12038659772197569
premium:	0.12038141541778918
more!:	0.12034847535227883
affordable:	0.12037730097539547
mind:	0.12038611656647653
insurance,:	0.15662141823834633
staff:	0.12038604692816514
services:	0.1203864587510888
describe:	0.12038476727957168
travel:	0.15662403002413652
complete:	0.12038606547317472
return:	0.12038642606705004
insurance:	0.22910512946019135
medical:	0.12038621449492783
friendly:	0.12038210107312577
offices:	0.12038573671809641
emergency:	0.12038487953283497
planners:	0.12037922115740317
package:	0.12038394694749176
advice,:	0.12037922115740317
commitment:	0.12038515506081084
includes:	0.12038650827730762
fun!:	0.12034847535227883
surrey:	0.12038263434381043
specialized:	0.1203837008410849
benefits:	0.12038604692816514
trained:	0.12038306094977516
baggage:	0.12036769720562629
death:	0.1203862808332745
financial:	0.12038636682708902
additional:	0.1203858031921013
september:	0.12038557626266083
7,:	0.12038476727957168
you!:	0.12036769720562629
hospital:	0.12038542352019256
coverage:	0.12038566166652608
dismemberment:	0.12034847535227883
benefits,:	0.12038434071123107
service:	0.12038643748678068
