pills:	0.09196719990151588
deceased:	0.17506657065095105

what:	0.09196719990151588
wiring:	0.09198188874592465
loss:	0.1196892278243602
tried:	0.0919949332560298
friend:	0.09199460728350926
centers:	0.0919947295240467
struggling:	0.09199069505255728
teeth:	0.09198922769900725
fax:	0.11968790255377962

mother:	0.09196719990151588
lyndora:	0.09196719990151588
considering:	0.09199509623959487
(please:	0.09198188874592465


age:	0.09196719990151588
name::	0.0919936293228222
provide:	0.09199619633166567

pat.:	0.1196520856890977
optifast:	0.09196719990151588
following:	0.09199622966651122
you?:	0.09198188874592465
programs:	0.09199613162263329
shots:	0.09198922769900725

hypnosis:	0.09196719990151588


:	0.13588388773131516
treatment:	0.09199616117017179

diet:	0.13584670571158114
website?:	0.1196520856890977
code::	0.09196719990151588
gain:	0.0919949332560298

med.:	0.09196719990151588

acupuncture:	0.09196719990151588
indicate:	0.11968681817356545
insurance::	0.09196719990151588
loss?:	0.09196719990151588
email:	0.09199430637941869
address:	0.0919957481558884
deceased:

father:	0.09196719990151588
learn:	0.09199516608914418


have:	0.09196719990151588
grandmother:	0.11967119631627517

mat.:	0.1196520856890977
member?:	0.09196719990151588
questions;:	0.09196719990151588


is:	0.09196719990151588
weightwatchers,:	0.09196719990151588
help:	0.09199611855006709
information:	0.14738372983656647
phone::	0.09199551533194066


how:	0.09196719990151588
mail:	0.09199516608914418

height:	0.09196719990151588
city::	0.09198922769900725
problem?:	0.11967119631627517
weight?:	0.09196719990151588
answering:	0.09199167320735477
diets,:	0.09196719990151588

sister:	0.09196719990151588
surgical:	0.09199289580985134
email::	0.09198188874592465
tried::	0.09196719990151588
grandfather:	0.1196520856890977
helpful:	0.09199411831125207
jenny:	0.09196719990151588
female:	0.09199534071157367
address::	0.09199167320735477


male:	0.09196719990151588
obesity:	0.09198678178607567
--:	0.13588931839877114

any:	0.09196719990151588
weight:	0.15629441680948133
please:	0.1473831426496617
telephone:	0.09199558517950997
nutrisystem,:	0.09196719990151588
efforts:	0.11968956787907122
medifast,:	0.09196719990151588
country::	0.09198678178607567
postal:	0.09198678178607567
send:	0.09199635044430761
full:	0.09199609738493543

brother:	0.09196719990151588
stat/prov.::	0.09196719990151588

weight:	0.09196719990151588

jaw:	0.09196719990151588
patient:	0.09199516608914418
via::	0.09196719990151588
craig,:	0.09196719990151588
ss#::	0.09196719990151588
types:	0.1196896064563268
below):	0.09198188874592465
center:	0.09199610466045287
procedure,:	0.09199237184973287
home:	0.11969004175173914
supervised:	0.09199069505255728
information::	0.09199069505255728


diet:	0.09196719990151588
family:	0.11968959406485315
