support@atemi.com:	0.14041131279561403
software:	0.14045419575632898
[note::	0.14041131279561403
registered:	0.14045427689681075
networking:	0.14043373905116055
sales:	0.14045390364817947
trademarks,:	0.14041131279561403
download:	0.14045166402677062
trademark,:	0.14041131279561403
w.:	0.14045486341790447
modified:	0.14045410723910712
links:	0.14045315713240045
fax:	0.14045334376365984
info:	0.20746524096195487
atemi:	0.22494734655968926
il:	0.1404544204523332
3w:	0.14041131279561403
corporation:	0.1827364154171532
netshadetm:	0.14041131279561403
champaign,:	0.14043373905116055
352-3688:	0.14041131279561403
352-3689:	0.14041131279561403
click:	0.20747019361940133
corporation.]:	0.14041131279561403
61820-3539:	0.14041131279561403
(217):	0.18273441791147566
202:	0.14045166402677062
e-mail::	0.140452943837643
internet:	0.14045474344892062
netshade:	0.14043373905116055
**:	0.18271822621412373
products:	0.1404546982991379
1996:	0.14045579040083794
encryption:	0.1404471841171894
december:	0.1404549946652932
free:	0.18273704183014977
hill,:	0.14043373905116055
atemiconnect:	0.14041131279561403
product:	0.1404546501392701
windows:	0.14045116630294505
30,:	0.14045269772580302
site:	0.14045507669452365
suite:	0.14044974417439424
stuff:	0.14044494382892886
