tribune,:	0.08338575717628104
copyright:	0.08339448387461595
county:	0.08339384171304919
©1996:	0.08339437531100069
fair:	0.0833934150852069
pioneer:	0.08338797438942652
renee:	0.08338132164924157
jim:	0.08339285096754226
dutch:	0.08338930454126399
354:	0.10849025595830376
lynden,:	0.12317087426597734
354-6717;:	0.08336800625338482
draws:	0.0833924077155759
lynden.:	0.08336800625338482
98264;:	0.10846427681435601
people.:	0.08339363893484232
surrounding:	0.08339381801185868
12:	0.08339428291217385
raspberry:	0.08336800625338482
august:	0.08339379282929785
county's:	0.08338132164924157
mayor:	0.0833934150852069
birch:	0.08338132164924157
director:	0.08339386405984756
community:	0.10849838289027129
exit:	0.10849025595830376
3675;:	0.08336800625338482
route:	0.08339129952151836
attractions::	0.08336800625338482
county,:	0.08339196444894909
farms:	0.08338797438942652
whatcom:	0.12316432245471146
complex,:	0.08338575717628104
6,835;:	0.08336800625338482
milk,:	0.08338797438942652
access:	0.08339409199506259
city:	0.1231833576528881
serves:	0.0833932942048491
north:	0.12318353005200539
northwest:	0.08339019123581771
interstate:	0.08339019123581771
local:	0.08339429143519575
golf:	0.08339019123581771
256:	0.08339129952151836
top:	0.10849813826374584
1994:	0.08339410242337839
539;:	0.08336800625338482
sr.;:	0.08336800625338482
commerce::	0.08336800625338482
bender:	0.08336800625338482
museum,:	0.08338132164924157
stephan:	0.08336800625338482
menu:	0.083392206232563
south,:	0.083392206232563
churches.:	0.08336800625338482
culture:	0.08339390512954199
population::	0.08336800625338482
town's:	0.08338132164924157
located:	0.08339360105285916
information:	0.1084986986681469
return:	0.08339429553887102
spotlight:	0.08338797438942652
story:	0.08339390512954199
country:	0.08339403290111982
usa:	0.08339399069100117
rural:	0.08339129952151836
lummi:	0.08336800625338482
270:	0.08339019123581771
(360):	0.1416736672099758
homestead:	0.08338930454126399
club,:	0.08338930454126399
chamber:	0.08338930454126399
major:	0.08339437531100069
road).:	0.08338132164924157
contact:	0.08339424394971896
1-5:	0.08336800625338482
attracts:	0.08336800625338482
bellingham:	0.08336800625338482
-->:	0.08338132164924157
info:	0.10849602384860467
lyndentrib@nas.com:	0.08338575717628104
kaemingk:	0.08336800625338482
tribune:	0.12317414935864078
town:	0.0833934150852069
island:	0.08339408114109265
tourists,:	0.08338132164924157
history:	0.08339440763878295
200,000:	0.08338575717628104
4270;:	0.08336800625338482
softball:	0.08338132164924157
(from:	0.08338575717628104
323:	0.08338797438942652
444:	0.08338575717628104
shops:	0.08338575717628104
info.:	0.08338132164924157
counties:	0.08339019123581771
washington:	0.08339418790107085
fields:	0.0833932942048491
354-8188[:	0.08336800625338482
north,:	0.08338575717628104
lynden:	0.1538548971310609
united:	0.08339437531100069
production:	0.08339403290111982
hall::	0.08338132164924157
wa:	0.10848160054376979
miles:	0.08339314646070894
jilk:	0.08336800625338482
head:	0.10849794605478243
east:	0.08339409199506259
administrator:	0.08339082455315486
354-5995;:	0.08336800625338482
influences:	0.08339386405984756
residents.:	0.08338575717628104
1990,19.7%:	0.08336800625338482
news:	0.08339415730911724
bay-lynden:	0.08336800625338482
subscribe:	0.08338930454126399
st.,:	0.08336800625338482
increase:	0.08339409199506259
st.:	0.08339394198685292
home:	0.08339445227185095
reimer,:	0.08336800625338482
hub:	0.10846427681435601
due:	0.08339419493227612
front:	0.10849757641620512
washington,:	0.08339346764154412
