references:	0.07960631362827636
ship:	0.07960490301057689
48436-0539:	0.07958372505968495
editing,:	0.07958372505968495
quote:	0.07960067022403294
scanned:	0.07958372505968495
ext::	0.07958372505968495
html's:	0.07958372505968495
bay:	0.1352515710116629
press:	0.1275379636456557
271-8378:	0.07958372505968495
(min.:	0.07958372505968495
separate.:	0.07958372505968495
ad:	0.07960831552832506
release,:	0.07958372505968495
am:	0.07960860555036446
community:	0.07960874978347628
charges:	0.10357243582615686
submitted:	0.07960659573315311
e-mail::	0.10357151264784195
on?:	0.07959643603659981
needs.:	0.07960744201046199
charges::	0.07958372505968495
scanning:	0.07958372505968495
misery:	0.13524921829793085
dread:	0.07959643603659981
graphics@quark.im4u.net:	0.07958372505968495
editorial:	0.07960631362827636
art:	0.07960892108343502
it.:	0.07960864623166321
charge:	0.1035722204224631
business:	0.07960896739526933
michigan:	0.07960855747229918
phone/fax:	0.07958372505968495
services:	0.12753814172114356
...:	0.07960744201046199
printing:	0.07960405656529475
questions::	0.07960405656529475
releases:	0.11758817787020655
questions?:	0.07958372505968495
answer:	0.07960764112639944
information:	0.10357367282954343
publications:	0.12753698242196826
project:	0.0796084663765221
tie:	0.07960278679235812
fax::	0.07960831552832506
business':	0.07960405656529475
with,:	0.07960278679235812
offers:	0.07960862670465595
please:	0.10357326018491547
gladly:	0.07958372505968495
campaign:	0.07960838778356574
doing:	0.10357283970056941
*if:	0.07958372505968495
mistakes:	0.07960596098843258
sweat!:	0.07958372505968495
(517):	0.07959643603659981
hours:	0.0796082277892699
state/providence:	0.07958372505968495
accomplishments?:	0.07958372505968495
rates.:	0.07960405656529475
special:	0.07960880895556459
internet.:	0.07960659573315311
form:	0.07960881709170532
avoid:	0.07960815804754041
pricing:	0.07960631362827636
newsletter:	0.11758893550538953
basis?:	0.07958372505968495
know.:	0.07960278679235812
graphics,:	0.07959643603659981
ect...:	0.07958372505968495
e-mail:	0.0796082590526804
text:	0.07960811899200583
fax:	0.07960754779118963
company::	0.07960067022403294
write:	0.07960860555036446
to::	0.07960894911025856
zip:	0.07960067022403294
writing,:	0.07960718162340619
hour.:	0.07959643603659981
printer:	0.07958372505968495
handle:	0.07960744201046199
announce:	0.07960278679235812
name::	0.07960659573315311
favorite:	0.07960490301057689
save:	0.07960701887880506
requests:	0.07960732111713087
computer:	0.0796084663765221
hour.):	0.07958372505968495
web:	0.10357297917444139
site::	0.07960490301057689
writing:	0.11759135774039636
costly:	0.07960490301057689
539:	0.07959643603659981
regulat:	0.07958372505968495
brochures,:	0.07958372505968495
break:	0.07960772409045877
$25:	0.1035683666186825
available.:	0.07960596098843258
mail@miserybay.com:	0.10356726536798073
site:	0.07960852999903789
phone,:	0.07960067022403294
mail,:	0.07960490301057689
electronically?:	0.07958372505968495
complete:	0.10357315381833752
gaines,:	0.07958372505968495
phone::	0.0796082277892699
snail:	0.07958372505968495
mail:	0.07960792557236297
city::	0.07960278679235812
experience:	0.07960869673240582
newsletters:	0.07959643603659981
publication:	0.07960682654160732
scanning,:	0.07958372505968495
html:	0.07959643603659981
logos,:	0.07958372505968495
address::	0.1035683666186825
retype:	0.07958372505968495
consistantly!:	0.07958372505968495
fill:	0.07960659573315311
countless:	0.07960067022403294
requests.:	0.07959643603659981
files:	0.07960811899200583
try:	0.0796082277892699
-we:	0.07958372505968495
send:	0.11759207277994282
works!:	0.07958372505968495
code:	0.07960834111876948
box:	0.07960819420996613
hour:	0.07960701887880506
you.:	0.07960596098843258
servicesfaqcyber:	0.07958372505968495
that.:	0.07960631362827636
information::	0.07960405656529475
information.:	0.07960779832100316
services.:	0.07960798052142251
po:	0.07960490301057689
