newsletter:	0.09106569625005057
education:	0.11848235734051579
channel:	0.09106418743282434
program:	0.09106806492030255
issues:	0.09106806989990114
viewing:	0.09106626201640952
taped:	0.09106252755419293
relate:	0.0910651095062796
road:	0.0910670163375342
season:	0.0910651095062796
e-mail:	0.09106733496150188
join:	0.09106721941734822
bay:	0.0910670163375342
waver:	0.0910392694644712
dealing:	0.11848192435887436
court:	0.09106784412826097
flores,:	0.0910392694644712
resistance:	0.09106418743282434
chris:	0.09106252755419293
plans:	0.11848197438293032
peace:	0.15472087669324155
john:	0.11848192435887436
programs:	0.16193251673894507
weapons:	0.09106591627290021
lansing:	0.13447603994012117
misery:	0.09106543221826464
air:	0.09106750662541718
lines,:	0.09105865377177826
dwyer@pmsu.edu:	0.0910392694644712
crew:	0.09106470610629123
349-1738):	0.0910392694644712
1996:	0.09106810765853472
world:	0.09106806989990114
native:	0.09106680791058432
civil:	0.091067909270377
rights:	0.09106814896284955
btl:	0.13447603994012117
30:	0.09106799865094804
email:	0.09106610244349708
isidore:	0.0910392694644712
355-1809:	0.0910392694644712
decision:	0.09106782685856754
michigan:	0.09106767633662684
evenings:	0.0910392694644712
lubiensky,:	0.0910392694644712
television:	0.09106726078511301
masterson:	0.0910392694644712
thursday:	0.09106107500594329
team:	0.09106688433414392
produce:	0.09106717474003091
appear:	0.0910670163375342
americans:	0.09106680791058432
mail@miserybay.com:	0.09106252755419293
dwyer,:	0.0910392694644712
legality:	0.09106252755419293
series:	0.09106755147421644
award-winning:	0.09106418743282434
(mecha):	0.0910392694644712
5:00:	0.0910392694644712
publications:	0.09106717474003091
michigan's:	0.09105381010141225
community.:	0.09106688433414392
others,:	0.09106569625005057
begun:	0.09106252755419293
with::	0.0910392694644712
individuals:	0.09106750662541718
wish:	0.09106672299505003
areas.:	0.09106688433414392
pages:	0.09106680791058432
contact:	0.11848209747727993
justice:	0.11848169268325134
well.:	0.09106680791058432
cable:	0.13451468549983145
day:	0.09106791545938742
add:	0.09106695347892542
studios:	0.09105865377177826
groups.:	0.09106652131868144
please:	0.09106779855541482
grape:	0.0910392694644712
p.m.:	0.11848027583637796
produced:	0.11848128788061692
4:00-6:00:	0.0910392694644712
masterson,:	0.0910392694644712
332-4863:	0.0910392694644712
additional:	0.09106750662541718
sara:	0.09106107500594329
faith:	0.09106626201640952
dwyer:	0.09106543221826464
east:	0.11848188158820226
(517):	0.11846373816142934
david:	0.1184815577499961
tci:	0.0910392694644712
lines:	0.1184811840836834
boycott:	0.09106252755419293
nuclear:	0.09106739956643747
compliments:	0.09106107500594329
center:	0.11848204687849698
tuition:	0.09105865377177826
lansing.:	0.0910392694644712
tuesday:	0.09105865377177826
trowbridge:	0.0910392694644712
meridian:	0.09105865377177826
mutersn@math.msu.edu.:	0.0910392694644712
suggestions:	0.09106672299505003
