(price:	0.15899713425452575
cigar.com.:	0.15899713425452575
available:	0.15904726461950766
cotton:	0.15904367204203398
print,:	0.15903521692616104
pocket.:	0.15899713425452575
cigar.com:	0.23485804644687572
finest:	0.15899713425452575
shipping:	0.15904282665629738
jdenton@cigar.com:	0.15899713425452575
t-shirts:	0.23485804644687572
natural:	0.1590468842528532
press!:	0.15899713425452575
includes:	0.15904738105714786
usa):	0.15899713425452575
airlift:	0.15902252900579586
print.:	0.15899713425452575
sleeves:	0.15899713425452575
always,:	0.15899713425452575
100%:	0.15904282665629738
color:	0.234927680331837
beefy-t:	0.15899713425452575
hot:	0.15904367204203398
1-800-588-1857:	0.15899713425452575
search:	0.1590463136922581
clubs:	0.1590377537546134
news:	0.15904700881799497
$24.95:	0.15902252900579586
manufacturers:	0.15904282665629738
hanes:	0.15899713425452575
stores:	0.1590377537546134
accessories:	0.15903521692616104
print:	0.15904472873488612
xl:	0.15899713425452575
articles:	0.15904636171973513
pocket:	0.15899713425452575
