decade:	0.08079496461913177
l-band:	0.10511538929963439
upper:	0.08079520045550319
erupted:	0.08078343289252053
expedition:	0.08078343289252053
transmitted:	0.0807946029950425
(5:	0.08078343289252053
april:	0.08079573509141459
degrees:	0.10511697929829382
monitored:	0.08078987835512116
49.1:	0.08077053236076646
miles):	0.08078987835512116
right.:	0.08078773022307188
22.3:	0.08077053236076646
hazard:	0.08078773022307188
near:	0.10511745081324296
orbit:	0.08079263971708721
wall.:	0.08077053236076646
surrounding:	0.08079553990942685
years,:	0.08079567653712633
15:	0.08079603114837981
(horizontally:	0.1193383500635255
lower:	0.08079572147416181
active:	0.0807946029950425
"international:	0.08078343289252053
community:	0.08079593027046836
03/30/95:	0.08079309988699289
population:	0.08079572147416181
shuttle:	0.08079448029886678
light:	0.08079580535621193
following:	0.08079602785889506
galeras:	0.14362222311144943
aboard:	0.08079417355335497
bruce.chapman@jpl.nasa.gov:	0.08079471035324516
20:	0.0807960577327566
southern:	0.08079553990942685
study:	0.08079610229025289
activity:	0.08079577246635412
city:	0.08079591807186347
north:	0.10511806005464347
(30.5:	0.08077053236076646
latitude:	0.08079397834789251
channels::	0.08078343289252053
96th:	0.08077053236076646
colors:	0.08079116706378604
local:	0.08079599858244406
1995:	0.08079587642826382
feature:	0.0807946029950425
top:	0.08079574810344278
1993:	0.0807955155114721
volcano:	0.12943023181699256
ability:	0.08079579484041612
map:	0.08079448029886678
colombia:	0.08078343289252053
nestled:	0.08077053236076646
structures:	0.08079520045550319
image.:	0.10511424639565396
image,:	0.08079374409746373
people:	0.08079609462950126
march:	0.08079562431280862
30,:	0.08079433872491563
radar:	0.14366589700870228
aperture:	0.08079417355335497
36.0:	0.08077053236076646
blue:	0.08079480508033389
january:	0.0807955845227113
eruption:	0.08078987835512116
population.:	0.08079417355335497
volcanic:	0.10510166934587749
levels:	0.08079546183581024
pasto,:	0.08077053236076646
radar-c/x-band:	0.08079263971708721
centered:	0.08079433872491563
1994.:	0.0807955845227113
15,:	0.08079374409746373
p-45441:	0.08077053236076646
space:	0.08079564263715455
longitude.:	0.08079202613184303
x-sar):	0.08077053236076646
red:	0.10511735540512179
caldera:	0.08078343289252053
edge:	0.08079433872491563
shown:	0.10511714746247787
west:	0.0807959903249716
worldwide:	0.08079496461913177
acquired:	0.08079503242252728
(crater):	0.08077053236076646
image:	0.11934509759422776
1500s.:	0.08077053236076646
including:	0.08079616448146022
bottom:	0.08079433872491563
created:	0.0807959050862392
european:	0.08079586863529466
received);:	0.10510726030182609
imaging:	0.10511667246810052
transmitted,:	0.10510166934587749
synthetic:	0.08079448029886678
1.2:	0.08078773022307188
page:	0.0807961254465883
updated:	0.0807955155114721
received).:	0.08078773022307188
77.4:	0.08077053236076646
vertically:	0.10511424639565396
pit,:	0.08077053236076646
scientific:	0.10511714746247787
dangerous:	0.08079480508033389
c-band:	0.08079397834789251
summit:	0.08079433872491563
spaceborne:	0.08079417355335497
cone,:	0.08077053236076646
multi-frequency:	0.08078773022307188
represents:	0.1294384889421765
times:	0.08079592426500277
(sir-c/:	0.08077053236076646
srl-1:	0.08078773022307188
endeavour:	0.08079309988699289
green:	0.10511742093803064
illumination:	0.08078773022307188
summit.:	0.08078773022307188
center:	0.08079591807186347
300,000,:	0.08077053236076646
false:	0.08079345778564483
volcanoes:	0.08078343289252053
killed:	0.08079488928161038
home:	0.08079615440795612
orange:	0.08079397834789251
miles),:	0.08077053236076646
volcano.:	0.08078343289252053
explorers:	0.08077053236076646
kilometers:	0.10511538929963439
visited:	0.08079433872491563
ground.:	0.08078773022307188
volcano":	0.08077053236076646
