oak,:	0.1680789232059788
5982:	0.1680789232059788
office:	0.16813170824125304
st.dennis:	0.1680789232059788
parish:	0.1681147109876518
2200:	0.16811918112931354
oak:	0.16812365053155898
fraternity:	0.16811918112931354
royaloak.htm:	0.1680789232059788
wednesday:	0.16810576848510017
7:30:	0.1680789232059788
48067:	0.1680789232059788
mi:	0.21874375060685294
slate:	0.1680789232059788
troy:	0.1680789232059788
richard:	0.16813052509174592
12:	0.16813189979391935
48098-3883:	0.1680789232059788
raschu@aol.com:	0.1680789232059788
minister:	0.1681312468191078
)828-8512:	0.1680789232059788
mile:	0.16811918112931354
stephenson:	0.16810576848510017
mr.:	0.16812990645294867
4th:	0.16810576848510017
e.:	0.16813101028873473
st.:	0.1681312124515753
p.m.:	0.16812923624493403
meet:	0.16813149300158273
schultz:	0.16810576848510017
francis:	0.16812492736785214
(810:	0.1680789232059788
royal:	0.21873681937462722
sfo:	0.1681147109876518
