play:	0.09530641099375964
do.:	0.09530308201957248
optimal:	0.09530438474781572
robot:	0.16192210761844972
"what's:	0.09527700415901429
e-mail:	0.09530637606075565
!!:	0.09530134487620351
closely:	0.09530597682076572
understand:	0.09530653017635012
317.856.0095:	0.09529729077531489
click:	0.09530716647448773
legimate:	0.09527700415901429
system:	0.09530716427325768
[previous]:	0.09529222163971746
service":	0.09527700415901429
competitive:	0.09530573560822872
years":	0.09527700415901429
invested:	0.09529982471411921
aaa:	0.14077313897202226
telling:	0.09530404701409573
achieve:	0.09530637606075565
as;:	0.09527700415901429
icon:	0.09529729077531489
believe:	0.09530644367294931
valid:	0.09530563628431521
1997:	0.09530573560822872
cost":	0.09527700415901429
customers:	0.09530308201957248
email:	0.09530508617097776
begin.:	0.09529982471411921
risky.:	0.09527700415901429
resolve.:	0.09527700415901429
store:	0.14077812776360724
stay:	0.09530563628431521
choice":	0.09527700415901429
single:	0.09530676335699707
automating:	0.09527700415901429
watch:	0.09530308201957248
january:	0.095306555715356
[mail]:	0.09529982471411921
"can:	0.09529729077531489
return:	0.14078006755217715
phone::	0.09530633863244867
objective::	0.09527700415901429
capital:	0.09530676335699707
mail:	0.09530597682076572
est:	0.09529982471411921
questions:	0.09530696355977061
simple:	0.09530625513820351
me":	0.09529222163971746
automation:	0.12398990831105863
5,:	0.09530508617097776
modified:	0.0953060426053438
scary:	0.09527700415901429
robots:	0.09530466106986567
bottom:	0.09530508617097776
04,:	0.09529982471411921
real:	0.09530682812876899
check:	0.09530610266927701
secrets:	0.12399216838668843
efforts:	0.12399707144304309
customers,:	0.09529729077531489
keep:	0.09530660265179629
know:	0.12399649948196072
salesman:	0.09529982471411921
plug:	0.09529222163971746
page:	0.12399751792299228
send:	0.09530720379964462
store,:	0.09529729077531489
trust:	0.09530404701409573
doing:	0.12399658185780246
line:	0.09530677741387297
reveals:	0.12399499312080708
[next]:	0.09529982471411921
[up]:	0.09529982471411921
sounds:	0.09529982471411921
[home]:	0.09529982471411921
successful:	0.12399623587697879
pretty:	0.09529729077531489
"are:	0.09529222163971746
investment":	0.09527700415901429
dollars.:	0.09527700415901429
concerns:	0.12399584046296747
saturday,:	0.09530134487620351
home:	0.12399756236989747
"what:	0.14076565372141764
work":	0.09529982471411921
industrial:	0.1526873092824147
application:	0.09530700193167002
money:	0.09530691751336443
investment.:	0.09530308201957248
automate:	0.09527700415901429
ones:	0.09530438474781572
customer:	0.09530466106986567
"how:	0.09527700415901429
