insurance:	0.16011848262716843
largest:	0.16011826700775758
november:	0.16011844429496078
copyright:	0.16011959383287258
netscape:	0.16011135185392011
49:	0.16011816063484935
columbia,:	0.16009432201532584
wholly:	0.16010709545077143
$1.8:	0.16006875610644014
british:	0.16011848262716843
23,:	0.16011256783979927
experience:	0.1601189822624454
1996:	0.16011946053189585
assets:	0.1601162154527016
viewed:	0.16011730963575288
surrey,:	0.16006875610644014
savings:	0.2365128608895957
credit:	0.20831873113715804
ltd.:	0.16011667136796065
avenue,:	0.16011347979150056
union:	0.20831949075144646
services:	0.1601192756945148
subsidiary:	0.16010964937714706
canada's:	0.16006875610644014
101:	0.16011645860851167
site:	0.20831916249167232
canada:	0.16011702596313312
2.0:	0.16011135185392011
surrey:	0.23650807185000228
metro:	0.25651418908685464
owned:	0.16011645860851167
15117:	0.16006875610644014
updated:	0.16011826700775758
