high-speed:	0.08513957897484059
interactive:	0.08514636939246939
slim:	0.08512145470334655
accuracy:	0.08514636939246939
remote:	0.0851465434614412
robot:	0.15140495213123203
improved:	0.08514693510853195
options:	0.08514703493835053
e-mail:	0.0851476958622253
engineering.:	0.08513957897484059
!!:	0.08514320095023957
ergonomic:	0.08513505015700096
welding:	0.08514320095023957
models.:	0.08514320095023957
edit:	0.08513957897484059
exceptional:	0.08514523789017599
nachi:	0.11076325393661578
317.856.0095:	0.08513957897484059
easy:	0.08514750080120768
click:	0.08514840202597684
cables,:	0.08513957897484059
innovative:	0.08514703493835053
saving:	0.08514475293197851
ar:	0.08514475293197851
flexible:	0.08514616367173877
driven:	0.08514475293197851
aaa:	0.12576816912143843
simultaneous:	0.08514561506800308
robotics:	0.08514523789017599
icon:	0.08513957897484059
teaching:	0.08514754605561149
air:	0.08514785636749163
in-line:	0.08512145470334655
hot:	0.08514636939246939
sa:	0.08514475293197851
capacity:	0.08514712367535565
sc:	0.1446187982664329
1997:	0.08514712367535565
capability:	0.08514693510853195
arc:	0.08514475293197851
low:	0.08514801504698379
installation:	0.0851465434614412
assembly:	0.08514523789017599
rigid:	0.08513505015700096
email:	0.0851465434614412
include:	0.08514823862607611
controller:	0.08514320095023957
light-weight:	0.11074556584360673
fastest:	0.08514184282181034
internally-routed:	0.08512145470334655
display:	0.08514591680277951
store:	0.1257726261591116
menu:	0.08514616367173877
purpose,:	0.0851465434614412
friendly,:	0.08513505015700096
features::	0.11074556584360673
january:	0.08514785636749163
series:	0.15140584183144423
cutting:	0.08514669266165466
information:	0.08514846855854684
operation:	0.08514785636749163
movement:	0.08514824971046565
[mail]:	0.08514184282181034
return:	0.08514829692165385
phone::	0.0851476624233912
16,000:	0.08512145470334655
mail:	0.08514733917711521
sc35:	0.08512145470334655
est:	0.08514184282181034
simple:	0.08514758782877448
language:	0.08514791761242593
sealing:	0.08512145470334655
axis:	0.08514410629431199
space:	0.08514791761242593
payload:	0.08513957897484059
5,:	0.0851465434614412
modified:	0.08514739794973335
robots:	0.15140275739827266
wrists,:	0.08512145470334655
demonstrates:	0.08514636939246939
series,:	0.08514475293197851
04,:	0.08514184282181034
weight:	0.08514591680277951
secrets:	0.11077587753790276
priced:	0.08513957897484059
keep:	0.08514789830098975
sc15,:	0.08512145470334655
page:	0.08514842642969066
send:	0.08514843537265562
applications::	0.08512145470334655
largest:	0.08514778363877609
memory:	0.08514561506800308
competitively:	0.08512145470334655
reveals:	0.11077840118439491
[next]:	0.08514184282181034
pendant:	0.08513957897484059
[up]:	0.08514184282181034
speed:	0.08514669266165466
[home]:	0.08514184282181034
low-maintenance:	0.08512145470334655
design:	0.08514811983431889
featuring:	0.08514523789017599
lines:	0.08514758782877448
class:	0.11078006290259919
designed:	0.08514822073988317
value:	0.08514813846309445
sc50:	0.08512145470334655
components.:	0.08513957897484059
teach:	0.08514616367173877
nachi's:	0.12573470997497016
control:	0.08514834929637517
saturday,:	0.08514320095023957
home:	0.11078069657793713
industrial:	0.12577411161996077
application:	0.08514825502173246
material:	0.08514812932119849
palletizing:	0.08512145470334655
handling:	0.0851465434614412
maintenance:	0.08514758782877448
user:	0.08514745161146858
