(115k):	0.2239524382819006
cm4278:	0.33080490663248874
images:	0.3309061287861881
(112k):	0.2239524382819006
10/03/94:	0.2239524382819006
death:	0.29146036850384843
l-band:	0.2240174469655298
(107k):	0.2239524382819006
c-band:	0.2240174469655298
cm:	0.2240060789164252
p-band:	0.2239524382819006
airsar:	0.3308841403538617
valley:	0.29145412223168926
bruce.chapman@jpl.nasa.gov:	0.2240194765966189
updated:	0.22402170905866728
