screen:	0.2963898554521961
"security:	0.29635045381254593
windows:	0.2963872296899806
shot:	0.29638913934958305
view:	0.29639632126443877
2.0:	0.3856018432025994
levels":	0.2963031287818701
95:	0.29639458145945513
pane:	0.2963031287818701
netshade:	0.3855608296387555
