newsletter:	0.12472179186560951
610-373-7537:	0.12468559825828611
usa:	0.1622702645772246
mail:	0.12472351374162335
main:	0.1247247957809232
sites:	0.12472319807542721
branch:	0.12472256672812056
fax::	0.12472412469433249
deregulation:	0.12471972541912305
mlloyd@entecheng.novell.net:	0.12470551282951144
engineering,:	0.12471214662546458
heating:	0.12471214662546458
pottsville,:	0.12468559825828611
lloyd:	0.12472331437407785
energy:	0.12472467114181203
tech:	0.12470551282951144
inc.:	0.1622711492911145
entech:	0.18422279930465293
wastewater:	0.12471214662546458
environmental:	0.12472441336300945
engineering/architectural:	0.12468559825828611
matt:	0.12471745208189826
positions:	0.12472403621267954
engineering:	0.16226914454802635
water:	0.12472438786822243
system:	0.1622710543124849
page:	0.12472510634525424
permitting:	0.12471972541912305
usa.:	0.12471214662546458
clients:	0.12472351374162335
south:	0.12472497999684125
utility:	0.12472043578413258
tel::	0.12472043578413258
box:	0.12472393462215188
office::	0.16225424358337398
610-373-6667:	0.12471745208189826
central:	0.12472484748757412
chilling:	0.12470551282951144
web:	0.12472433274424778
street:	0.12472433274424778
design:	0.18423344220490137
studies:	0.16227109545152682
pa,:	0.1622197033613389
audits:	0.1622456128158538
32:	0.12472459598798456
19603,:	0.12468559825828611
electric:	0.12472319807542721
services:	0.12472495050425884
home:	0.12472515105296346
pa:	0.12471546270029875
reading,:	0.16226410382125458
information::	0.12471745208189826
fourth:	0.12472341904228648
facility:	0.16226845274125398
po:	0.12471877822661338
