affiliation::	0.1509243350402597
identifying:	0.1509656438933115
board,:	0.15096717250095423
submit:	0.2230009782547495
carriage:	0.1509243350402597
autoscroll.:	0.1509243350402597
to...question:	0.1509243350402597
box:	0.15097073887763243
submitted.:	0.1509484404177995
enter:	0.22300116539789136
text:	0.15097059623263018
press:	0.15097175774611682
/science/sar_refs.html::	0.1509243350402597
welcome:	0.15096931238986885
box::	0.1509484404177995
below.:	0.1509656438933115
optional::	0.15095647022442518
question/comment:	0.1509243350402597
jpl:	0.1509604841313742
sharon.okonek@jpl.nasa.gov:	0.1509243350402597
line.):	0.1509243350402597
button::	0.1509243350402597
imaging:	0.19641648296970937
(this:	0.1509243350402597
home:	0.15097221129316338
radar:	0.19641679693724864
name::	0.15096770749087715
response:	0.2418651560171879
e-mail::	0.1509690831250839
responses:	0.19641455985038614
information:	0.15097223187363956
bb::	0.1509243350402597
page:	0.22300418223731958
return:	0.15097192755337116
bulletin:	0.1963988958015338
board:	0.15097101747873387
