atlas:	0.09952650213568734
patch:	0.0995185618545488
$1.00:	0.09950266945778681
price:	0.09953364502023512
games:	0.09953047079865898
to::	0.09953420681501318
images:	0.09953311602704687
agreement:	0.09953371715431447
am:	0.09953377726579875
mugs.:	0.09950266945778681
mysticoz@csinet.net:	0.09950266945778681
printed:	0.09952990390708749
left:	0.1294963297724794
mystic:	0.12945595761321893
mugs!:	0.09950266945778681
card:	0.09953155299041842
images,:	0.09952914802040516
nussbaum:	0.09950266945778681
koanhead:	0.09950266945778681
1000:	0.09953179346753352
facing:	0.09953299579888242
guy:	0.09952914802040516
cups).:	0.09950266945778681
soooo,:	0.09950266945778681
web:	0.0995335806841602
aditional:	0.09950266945778681
licensing:	0.09952914802040516
hand:	0.1294951167138326
shipping.:	0.0995185618545488
means:	0.09953397850694994
dr.:	0.09953360325825104
nice:	0.09952990390708749
march:	0.12949617404593347
monique:	0.09950266945778681
disclaimer...i:	0.09950266945778681
associated:	0.09953350499432898
runs:	0.09953091170043618
available::	0.0995185618545488
contacts:	0.09953126441310806
quick:	0.09953257145696111
imprinting:	0.09950266945778681
run:	0.09953353166602466
graphics:	0.09953155299041842
=):	0.09950266945778681
hold:	0.09953341465438416
reproduce:	0.09952650213568734
edge:	0.1470208282126625
conspiracy:	0.09953155299041842
shipping:	0.09953126441310806
burger:	0.09952385581323527
d'aubaine:	0.09950266945778681
links:	0.09953232250446119
$40:	0.09952808971903687
palace:	0.09952650213568734
rain:	0.12949040701742748
image:	0.09953371715431447
walrus).:	0.09950266945778681
onte:	0.12945595761321893
resource:	0.09953276799567154
mugs:	0.176930796112874
please:	0.09953385073508388
$3.00:	0.09950266945778681
produced:	0.09953330495519382
cafe:	0.09952808971903687
name:	0.09953371715431447
larry:	0.09953155299041842
page:	0.1294969772442218
$10.00:	0.09950266945778681
send:	0.09953420849373688
mug:	0.12945595761321893
(coffee:	0.09950266945778681
cards:	0.12948352169715618
$6.00:	0.09950266945778681
you.:	0.09953047079865898
company:	0.09953390951026903
cups:	0.09952385581323527
oit:	0.0995185618545488
idea?:	0.09950266945778681
owner:	0.0995319969453456
cost:	0.09953380371478027
comments:	0.09953417618174334
message:	0.09953155299041842
mysticoz@aol.com:	0.09950266945778681
home:	0.09953423371789293
each.:	0.1294938488234934
print:	0.0995324547609592
walrus:	0.09950266945778681
up,all:	0.09950266945778681
pumpkin:	0.12948352169715618
(of:	0.09952385581323527
