carlos:	0.19314635331630695
luder:	0.14841384421881737
**:	0.14844544486304354
de:	0.14846084774010343
priani*:	0.14841384421881737
e.vázquez*:	0.14841384421881737
patricio:	0.14843754862504233
ernst:	0.14841384421881737
james:	0.14845983716093347
miguel:	0.14845175997237178
fiscalizadora:	0.14844939200225393
perkins:	0.14845844473729056
directorio:	0.14844939200225393
bosch*:	0.14841384421881737
a.domeniconi:	0.14841384421881737
madanes:	0.14843754862504233
l.piñeiro:	0.14841384421881737
schneider:	0.14845596911681047
suplente:	0.14843754862504233
directores:	0.14843754862504233
vicepresidente:	0.14844939200225393
comisión:	0.14844544486304354
presidente:	0.14845446593618356
lesch:	0.14841384421881737
nells:	0.148453338488559
italo:	0.14841384421881737
cameron:	0.14844544486304354
director:	0.1484598769432721
ejecutivo:	0.14844939200225393
mario:	0.19312170324401082
roberto:	0.148453338488559
leon:	0.14845446593618356
c.:	0.1484604898315429
héctor:	0.14841384421881737
daniel:	0.1484564952076563
a.manning:	0.14841384421881737
agustin:	0.14841384421881737
blanco**:	0.14841384421881737
la:	0.14846052295166495
bayless:	0.14841384421881737
j.a.dormal:	0.14841384421881737
funcionarios:	0.14841384421881737
r.:	0.14845991451541984
vega:	0.14841384421881737
