de:	0.3865792518594895
automotrices:	0.3865391440951803
showroom:	0.38645685874123553
industriales:	0.3865391440951803
productos:	0.386571440689145
lubricantes:	0.5029364569917991
