que:	0.15067729670660168
brinda:	0.15065463488914546
de:	0.19603696458154637
guillermo:	0.15063057643023012
elegir:	0.15063057643023012
imágenes:	0.15065463488914546
los:	0.15067770854340062
por:	0.15067711957034038
pantalla:	0.15063057643023012
usted:	0.15063057643023012
256:	0.15067266305990476
sólo:	0.15066264906658294
para:	0.1506772563300679
copiar:	0.15063057643023012
regalo:	0.15063057643023012
regalos:	0.15063057643023012
entre:	0.1506738644608579
las:	0.15067740508538574
puede:	0.15066905849936424
su:	0.22256821802307047
haga:	0.15065463488914546
obtenga:	0.15063057643023012
hecho:	0.15065463488914546
el:	0.15067809749394603
en:	0.2225695564011689
maldonado:	0.15063057643023012
click:	0.1506782623016147
ypf:	0.15067711957034038
estos:	0.15067466536171317
lubricantes:	0.1506738644608579
pc:	0.15067180487987147
kb):	0.15063057643023012
internet.:	0.1506738644608579
(.bmp:	0.15063057643023012
302:	0.15067333051223755
página:	0.15067180487987147
le:	0.15067755211009268
consultar:	0.15063057643023012
fondos:	0.15066905849936424
gratis:	0.15063057643023012
colores,:	0.15063057643023012
