oil:	0.4082607285857558
operations:	0.4082608120379218
natural:	0.40826146296117344
gas:	0.4082599983747758
indonesia:	0.40824779221655383
crude:	0.4081989448625566
