flavors:	0.08805838931828847
gift:	0.08808338328490253
atmosphere:	0.08808416363572899
newsletter:	0.08808395081704243
specials:	0.08805838931828847
stogie:	0.08805838931828847
honduras,:	0.08805838931828847
happy:	0.08808088587314401
kind,:	0.08805838931828847
relish:	0.08805838931828847
jamaica,:	0.08805838931828847
loved:	0.08807948088538407
cigar:	0.16251527754709538
republic,:	0.08808502607870311
friend:	0.0880846318255775
payment:	0.08808416363572899
handmade:	0.08805838931828847
join:	0.08808542411158536
lomita,:	0.08805838931828847
fax:	0.08808474887062018
welcome:	0.0880846318255775
events:	0.08808593121015316
patronage.:	0.08805838931828847
90717:	0.08805838931828847
$179.95:	0.08805838931828847
g.k.:	0.08807245385413352
delighted:	0.0880771389291932
$4.95:	0.08805838931828847
fullest.:	0.08807245385413352
easy:	0.08808533408131762
appreciated:	0.08805838931828847
offering:	0.08808533408131762
protective:	0.08808299309335733
mexico,:	0.08808395081704243
favorite:	0.08808182245418664
80's:	0.08805838931828847
payments:	0.08808528319439125
enjoy:	0.11459986214956305
more.:	0.08808299309335733
yourself,:	0.08807245385413352
local:	0.08808615333565231
club!!:	0.08805838931828847
search:	0.0880856266775943
premium:	0.11459796340773978
dear:	0.0880771389291932
ca:	0.08808485214485416
shipping.:	0.08807245385413352
receive:	0.11460237240770663
accessories.:	0.0880771389291932
lover::	0.08805838931828847
stores:	0.08808088587314401
forward:	0.08808485214485416
accessories:	0.08807948088538407
staff:	0.08808588025614217
$59.99:	0.08805838931828847
able:	0.08808596428116791
exciting:	0.11459404663439697
information:	0.114602964341125
pleasures.:	0.08805838931828847
voice:	0.08808502607870311
friendly:	0.08808299309335733
enjoying:	0.11459099967914409
wondering:	0.08807245385413352
smoking!!:	0.08805838931828847
tastes.:	0.08805838931828847
discounts:	0.08808338328490253
club:	0.13011099031054008
1-800-241-2582:	0.08805838931828847
(310)768-1049:	0.08805838931828847
90's:	0.08805838931828847
aficionado:	0.08805838931828847
magazine.:	0.08807245385413352
nicaragua,:	0.08805838931828847
sent:	0.08808550127993055
look:	0.08808615333565231
article:	0.0880857842269306
friends:	0.08808338328490253
plus:	0.0880846318255775
pleasures:	0.0880771389291932
kemper:	0.08805838931828847
g.k.cigar:	0.08805838931828847
month:	0.16252598337607208
airlift:	0.08807245385413352
$15.95:	0.08805838931828847
full:	0.08808605859437822
united:	0.08808624193040969
box:	0.08808546412485391
membership:	0.08808550127993055
area.:	0.08808509999994175
73,:	0.08805838931828847
establishments:	0.08807948088538407
smoking:	0.13010926127752334
clubs:	0.08808088587314401
selecting:	0.08808299309335733
news:	0.0880860116634813
cost:	0.08808594267478036
gregory:	0.08807245385413352
gk:	0.08805838931828847
manufacturers:	0.08808369543039518
limited:	0.08808586607004966
cigars:	0.14964041710843548
start:	0.08808574529598359
packaging:	0.08808249140270949
p.o.:	0.08808449805862942
rated:	0.08807245385413352
special:	0.11460271597976954
application:	0.08808611432461624
form:	0.08808615333565231
pleasure.:	0.0880771389291932
time:	0.08808628837302394
fresh:	0.08808299309335733
r.:	0.08808572420834258
articles:	0.08808565327695592
month.:	0.08808369543039518
dominican:	0.08808299309335733
