college:	0.1321517478208983
$46,000:	0.1015433716222328
projects:	0.10157444262076824
hall:	0.13215153171178315
mlloyd@entecheng.novel.net:	0.10155958995646609
evaluation:	0.10157500221307823
measures:	0.10157444262076824
pennsylvani:	0.1015433716222328
gas-fired:	0.1015433716222328
elizabethtown:	0.1015433716222328
lloyd:	0.10157408745161074
energy:	0.16272955185058832
fired:	0.10157347857221855
entech:	0.1321447231487621
center::	0.10156499248905322
matt:	0.10156931322811047
pool:	0.13214612826908256
electrical:	0.1015717431413404
completed:	0.10157388688208412
baugher:	0.14999187249909748
conservation:	0.13214932137866078
system:	0.10157551536684167
submitted:	0.1015725530320435
dehumidification:	0.13213207288069678
hot:	0.10157309293685637
project.:	0.13214612826908256
cycle:	0.10157399273853028
1996:	0.10157553716435469
boiler:	0.10155958995646609
audit:	0.1015717431413404
installation:	0.10157330058779881
email:	0.10157330058779881
160,000:	0.10155958995646609
include:	0.10157532278928826
funding:	0.1015741726929133
sy:	0.1015433716222328
marketing,:	0.1015725530320435
services:	0.10157541990842461
menu:	0.10157284752779148
performed:	0.10157347857221855
june:	0.10157496170025196
pleased:	0.1015703932342019
space.:	0.10156931322811047
return:	0.10157539233144464
feet:	0.10157219308558064
main:	0.1015752939024593
office:	0.10157526122713213
recommendations:	0.10157424981561304
ecm:	0.1015433716222328
domestic:	0.10157505607656656
unit;:	0.10155958995646609
contact:	0.10157532949515197
talk:	0.10157376779276166
xvii:	0.1015433716222328
please:	0.10157519239694654
engineering:	0.10157431992684206
list:	0.10157493984460657
water:	0.10157496170025196
system.:	0.13215235739985448
obtaining:	0.1015725530320435
square:	0.10157309293685637
natatorium::	0.1015433716222328
vp:	0.1015703932342019
page:	0.10157554682460684
replacement:	0.13214612826908256
updated:	0.10157478002431025
(ecm):	0.10155958995646609
student:	0.15003826651738286
provided:	0.10157498246308799
founders:	0.1321391017376452
610-373-6667:	0.10156931322811047
7,:	0.10157399273853028
design:	0.10157518107982626
gas:	0.10157478002431025
successful:	0.10157449660580362
grants:	0.10157309293685637
center:	0.13215249405577936
electric:	0.10157399273853028
implementation:	0.10157483956538783
hall,:	0.1321503430723397
application:	0.10157534234804967
nicarry:	0.13211097234137958
grant:	0.10157388688208412
stem:	0.10155958995646609
