composting:	0.11318827005140085
doran:	0.11317019470080356
copyright:	0.113206137476511
facility.:	0.1472801309447197
achievement:	0.11320355056447233
agency):	0.11317019470080356
recognized:	0.11320331913727812
789-8040.:	0.11317019470080356
graphics:	0.11320304562861663
pollution:	0.11320231625208287
youth:	0.11320407126489586
space:	0.11320537751791238
encouraged:	0.1132003103158242
saves:	0.11319429117966355
soil-enhancement:	0.11317019470080356
contacting:	0.1132003103158242
geneva,:	0.11319429117966355
epa:	0.11319429117966355
14456:	0.11317019470080356
e-mail:	0.11320508269784066
arrangements:	0.11320304562861663
fax:	0.11320407126489586
welcome:	0.11320392084185985
marsh:	0.19230347566001496
waste:	0.16721693331783635
superintendent:	0.11318827005140085
june,:	0.11320392084185985
corporation:	0.113205559425786
fill:	0.1132027174127951
water:	0.1813618451478267
schools:	0.11320468661891042
plant:	0.18136043637715746
creates:	0.11320304562861663
environmentally:	0.11319429117966355
page:	0.11320605399776243
updated:	0.11320519939802368
treatment:	0.16721874204763068
association:	0.11320548797898278
protection:	0.11320564637481899
(315):	0.11317019470080356
(environmental:	0.11317019470080356
1996:	0.11320604323140124
creek:	0.19232188671241093
1996::	0.11319429117966355
eddington:	0.11317019470080356
land:	0.11320508269784066
71:	0.1132052657566174
biosolids:	0.11317019470080356
hours:	0.11320503824043117
process:	0.14728412677302063
product:	0.14728326223577978
outstanding:	0.1132027174127951
business:	0.11320608998002862
avenue,:	0.11320181478875287
control:	0.11320595144791339
clean:	0.11320355056447233
gordon:	0.11320181478875287
tour:	0.11320355056447233
lead:	0.11320512419132484
sale:	0.11320407126489586
money:	0.11320572583621069
york:	0.14728430590741842
calling:	0.11320420399007125
organizations:	0.11320544702763978
operation:	0.11320529609189393
spider:	0.11317019470080356
