dr.:	0.22972262625829395
kalus:	0.2296512313358741
director:	0.2988758124701097
assistant:	0.2297178942592944
sara:	0.22970623693377124
ms.:	0.3392768950525879
staff:	0.29887641758144484
office:	0.2988769730867787
kerry:	0.22970990106130726
honors:	0.29886900444224024
sloss:	0.2296512313358741
attig,:	0.2296512313358741
susan:	0.22970623693377124
ira:	0.22970990106130726
cohen,:	0.2297001292462796
