copyright:	0.12812975492867912
select:	0.1281262554919718
fuel:	0.12812705150548775
graphical:	0.12810953209578682
program:	0.1281295881283253
body:	0.1281289971867667
tips:	0.12812588400846645
emission:	0.12810953209578682
suspenion:	0.12808907392722896
periscope:	0.12812179724752026
engines:	0.12812588400846645
text:	0.1281283356757596
emergencies/tips:	0.12808907392722896
inc.:	0.12812969575901473
modified::	0.12812179724752026
environmental:	0.12812894854697532
created:	0.12812931098911057
electrical/electronics:	0.12808907392722896
communications.:	0.12812486239426862
index:	0.12812969202838476
please:	0.12812921336222716
history:	0.1281296377976874
version:	0.12812792708481474
brake:	0.12808907392722896
system:	0.18926298618916731
cooling:	0.12812315959129394
page:	0.16670053157342446
automotive:	0.243835793897543
drive:	0.12812770008634206
systems,:	0.12812856110177584
submit:	0.12812781955953437
1996.:	0.12812904140465917
line:	0.12812910067530223
05,:	0.12808907392722896
systems:	0.18926244322911095
department:	0.1667000017141159
overview:	0.22783333116374885
question:	0.12812916885570025
autoshop:	0.12808907392722896
control:	0.12812954437650279
home:	0.128129706373255
©1995,:	0.12812179724752026
marketing:	0.12812856110177584
101:	0.16669739041435805
environment:	0.12812908177743457
site:	0.1281289971867667
january:	0.12812880262691184
service:	0.16670029384025495
information:	0.12812972383984933
visit:	0.12812845673818624
auto-insight:	0.12808907392722896
